{
 "cells": [
  {
   "cell_type": "markdown",
   "metadata": {},
   "source": [
    "# Final project for discipline \"Big Data Processing (BDA-3)\"\n",
    "## FINAL PROJECT, THEME: \"Student Performance\""
   ]
  },
  {
   "cell_type": "markdown",
   "metadata": {},
   "source": [
    "### IMPORTING LIBRARIES"
   ]
  },
  {
   "cell_type": "code",
   "execution_count": 216,
   "metadata": {},
   "outputs": [],
   "source": [
    "import numpy as np #numpy\n",
    "import matplotlib.pyplot as plt #for plotting \n",
    "import pandas as pd #pandas\n",
    "import seaborn as sns # seaborn visualizing\n",
    "\n",
    "from sklearn.compose import ColumnTransformer #tranfer column data\n",
    "from sklearn.preprocessing import OneHotEncoder #for transformer we use OneHotEncoder\n",
    "\n",
    "from sklearn.model_selection import train_test_split #for split data\n",
    "\n",
    "from sklearn.linear_model import LinearRegression #model for regression\n",
    "\n",
    "from sklearn import metrics #import library metrics for checking accuracy of prrediction model\n",
    "from sklearn.metrics import mean_squared_error, r2_score #import library metrics for mean_squared_error, r2_score\n",
    "\n",
    "%matplotlib inline"
   ]
  },
  {
   "cell_type": "markdown",
   "metadata": {},
   "source": [
    "### LOADING DATA"
   ]
  },
  {
   "cell_type": "code",
   "execution_count": 217,
   "metadata": {},
   "outputs": [],
   "source": [
    "dataset = pd.read_csv('student-por.csv') #read data"
   ]
  },
  {
   "cell_type": "code",
   "execution_count": 218,
   "metadata": {},
   "outputs": [
    {
     "data": {
      "text/html": [
       "<div>\n",
       "<style scoped>\n",
       "    .dataframe tbody tr th:only-of-type {\n",
       "        vertical-align: middle;\n",
       "    }\n",
       "\n",
       "    .dataframe tbody tr th {\n",
       "        vertical-align: top;\n",
       "    }\n",
       "\n",
       "    .dataframe thead th {\n",
       "        text-align: right;\n",
       "    }\n",
       "</style>\n",
       "<table border=\"1\" class=\"dataframe\">\n",
       "  <thead>\n",
       "    <tr style=\"text-align: right;\">\n",
       "      <th></th>\n",
       "      <th>school</th>\n",
       "      <th>sex</th>\n",
       "      <th>age</th>\n",
       "      <th>address</th>\n",
       "      <th>famsize</th>\n",
       "      <th>Pstatus</th>\n",
       "      <th>Medu</th>\n",
       "      <th>Fedu</th>\n",
       "      <th>Mjob</th>\n",
       "      <th>Fjob</th>\n",
       "      <th>...</th>\n",
       "      <th>famrel</th>\n",
       "      <th>freetime</th>\n",
       "      <th>goout</th>\n",
       "      <th>Dalc</th>\n",
       "      <th>Walc</th>\n",
       "      <th>health</th>\n",
       "      <th>absences</th>\n",
       "      <th>G1</th>\n",
       "      <th>G2</th>\n",
       "      <th>G3</th>\n",
       "    </tr>\n",
       "  </thead>\n",
       "  <tbody>\n",
       "    <tr>\n",
       "      <th>0</th>\n",
       "      <td>GP</td>\n",
       "      <td>F</td>\n",
       "      <td>18</td>\n",
       "      <td>U</td>\n",
       "      <td>GT3</td>\n",
       "      <td>A</td>\n",
       "      <td>4</td>\n",
       "      <td>4</td>\n",
       "      <td>at_home</td>\n",
       "      <td>teacher</td>\n",
       "      <td>...</td>\n",
       "      <td>4</td>\n",
       "      <td>3</td>\n",
       "      <td>4.0</td>\n",
       "      <td>1.0</td>\n",
       "      <td>1.0</td>\n",
       "      <td>3.0</td>\n",
       "      <td>4</td>\n",
       "      <td>0</td>\n",
       "      <td>11</td>\n",
       "      <td>11</td>\n",
       "    </tr>\n",
       "    <tr>\n",
       "      <th>1</th>\n",
       "      <td>GP</td>\n",
       "      <td>F</td>\n",
       "      <td>17</td>\n",
       "      <td>U</td>\n",
       "      <td>GT3</td>\n",
       "      <td>T</td>\n",
       "      <td>1</td>\n",
       "      <td>1</td>\n",
       "      <td>at_home</td>\n",
       "      <td>other</td>\n",
       "      <td>...</td>\n",
       "      <td>5</td>\n",
       "      <td>3</td>\n",
       "      <td>3.0</td>\n",
       "      <td>1.0</td>\n",
       "      <td>1.0</td>\n",
       "      <td>3.0</td>\n",
       "      <td>2</td>\n",
       "      <td>9</td>\n",
       "      <td>11</td>\n",
       "      <td>11</td>\n",
       "    </tr>\n",
       "    <tr>\n",
       "      <th>2</th>\n",
       "      <td>GP</td>\n",
       "      <td>F</td>\n",
       "      <td>15</td>\n",
       "      <td>U</td>\n",
       "      <td>LE3</td>\n",
       "      <td>T</td>\n",
       "      <td>1</td>\n",
       "      <td>1</td>\n",
       "      <td>at_home</td>\n",
       "      <td>other</td>\n",
       "      <td>...</td>\n",
       "      <td>4</td>\n",
       "      <td>3</td>\n",
       "      <td>2.0</td>\n",
       "      <td>2.0</td>\n",
       "      <td>3.0</td>\n",
       "      <td>3.0</td>\n",
       "      <td>6</td>\n",
       "      <td>12</td>\n",
       "      <td>13</td>\n",
       "      <td>12</td>\n",
       "    </tr>\n",
       "    <tr>\n",
       "      <th>3</th>\n",
       "      <td>GP</td>\n",
       "      <td>F</td>\n",
       "      <td>15</td>\n",
       "      <td>U</td>\n",
       "      <td>GT3</td>\n",
       "      <td>T</td>\n",
       "      <td>4</td>\n",
       "      <td>2</td>\n",
       "      <td>health</td>\n",
       "      <td>services</td>\n",
       "      <td>...</td>\n",
       "      <td>3</td>\n",
       "      <td>2</td>\n",
       "      <td>2.0</td>\n",
       "      <td>1.0</td>\n",
       "      <td>1.0</td>\n",
       "      <td>5.0</td>\n",
       "      <td>0</td>\n",
       "      <td>14</td>\n",
       "      <td>14</td>\n",
       "      <td>14</td>\n",
       "    </tr>\n",
       "    <tr>\n",
       "      <th>4</th>\n",
       "      <td>GP</td>\n",
       "      <td>F</td>\n",
       "      <td>16</td>\n",
       "      <td>U</td>\n",
       "      <td>GT3</td>\n",
       "      <td>T</td>\n",
       "      <td>3</td>\n",
       "      <td>3</td>\n",
       "      <td>other</td>\n",
       "      <td>other</td>\n",
       "      <td>...</td>\n",
       "      <td>4</td>\n",
       "      <td>3</td>\n",
       "      <td>2.0</td>\n",
       "      <td>1.0</td>\n",
       "      <td>2.0</td>\n",
       "      <td>5.0</td>\n",
       "      <td>0</td>\n",
       "      <td>11</td>\n",
       "      <td>13</td>\n",
       "      <td>13</td>\n",
       "    </tr>\n",
       "    <tr>\n",
       "      <th>5</th>\n",
       "      <td>GP</td>\n",
       "      <td>M</td>\n",
       "      <td>16</td>\n",
       "      <td>U</td>\n",
       "      <td>LE3</td>\n",
       "      <td>T</td>\n",
       "      <td>4</td>\n",
       "      <td>3</td>\n",
       "      <td>services</td>\n",
       "      <td>other</td>\n",
       "      <td>...</td>\n",
       "      <td>5</td>\n",
       "      <td>4</td>\n",
       "      <td>2.0</td>\n",
       "      <td>1.0</td>\n",
       "      <td>NaN</td>\n",
       "      <td>5.0</td>\n",
       "      <td>6</td>\n",
       "      <td>12</td>\n",
       "      <td>12</td>\n",
       "      <td>13</td>\n",
       "    </tr>\n",
       "    <tr>\n",
       "      <th>6</th>\n",
       "      <td>GP</td>\n",
       "      <td>M</td>\n",
       "      <td>16</td>\n",
       "      <td>U</td>\n",
       "      <td>LE3</td>\n",
       "      <td>T</td>\n",
       "      <td>2</td>\n",
       "      <td>2</td>\n",
       "      <td>other</td>\n",
       "      <td>other</td>\n",
       "      <td>...</td>\n",
       "      <td>4</td>\n",
       "      <td>4</td>\n",
       "      <td>4.0</td>\n",
       "      <td>1.0</td>\n",
       "      <td>1.0</td>\n",
       "      <td>3.0</td>\n",
       "      <td>0</td>\n",
       "      <td>13</td>\n",
       "      <td>12</td>\n",
       "      <td>13</td>\n",
       "    </tr>\n",
       "    <tr>\n",
       "      <th>7</th>\n",
       "      <td>GP</td>\n",
       "      <td>F</td>\n",
       "      <td>17</td>\n",
       "      <td>U</td>\n",
       "      <td>GT3</td>\n",
       "      <td>A</td>\n",
       "      <td>4</td>\n",
       "      <td>4</td>\n",
       "      <td>other</td>\n",
       "      <td>teacher</td>\n",
       "      <td>...</td>\n",
       "      <td>4</td>\n",
       "      <td>1</td>\n",
       "      <td>4.0</td>\n",
       "      <td>1.0</td>\n",
       "      <td>1.0</td>\n",
       "      <td>1.0</td>\n",
       "      <td>2</td>\n",
       "      <td>10</td>\n",
       "      <td>13</td>\n",
       "      <td>13</td>\n",
       "    </tr>\n",
       "    <tr>\n",
       "      <th>8</th>\n",
       "      <td>GP</td>\n",
       "      <td>M</td>\n",
       "      <td>15</td>\n",
       "      <td>U</td>\n",
       "      <td>LE3</td>\n",
       "      <td>A</td>\n",
       "      <td>3</td>\n",
       "      <td>2</td>\n",
       "      <td>services</td>\n",
       "      <td>other</td>\n",
       "      <td>...</td>\n",
       "      <td>4</td>\n",
       "      <td>2</td>\n",
       "      <td>2.0</td>\n",
       "      <td>1.0</td>\n",
       "      <td>1.0</td>\n",
       "      <td>1.0</td>\n",
       "      <td>0</td>\n",
       "      <td>15</td>\n",
       "      <td>16</td>\n",
       "      <td>17</td>\n",
       "    </tr>\n",
       "    <tr>\n",
       "      <th>9</th>\n",
       "      <td>GP</td>\n",
       "      <td>M</td>\n",
       "      <td>15</td>\n",
       "      <td>U</td>\n",
       "      <td>GT3</td>\n",
       "      <td>T</td>\n",
       "      <td>3</td>\n",
       "      <td>4</td>\n",
       "      <td>other</td>\n",
       "      <td>other</td>\n",
       "      <td>...</td>\n",
       "      <td>5</td>\n",
       "      <td>5</td>\n",
       "      <td>1.0</td>\n",
       "      <td>1.0</td>\n",
       "      <td>1.0</td>\n",
       "      <td>5.0</td>\n",
       "      <td>0</td>\n",
       "      <td>12</td>\n",
       "      <td>12</td>\n",
       "      <td>13</td>\n",
       "    </tr>\n",
       "  </tbody>\n",
       "</table>\n",
       "<p>10 rows × 33 columns</p>\n",
       "</div>"
      ],
      "text/plain": [
       "  school sex  age address famsize Pstatus  Medu  Fedu      Mjob      Fjob  \\\n",
       "0     GP   F   18       U     GT3       A     4     4   at_home   teacher   \n",
       "1     GP   F   17       U     GT3       T     1     1   at_home     other   \n",
       "2     GP   F   15       U     LE3       T     1     1   at_home     other   \n",
       "3     GP   F   15       U     GT3       T     4     2    health  services   \n",
       "4     GP   F   16       U     GT3       T     3     3     other     other   \n",
       "5     GP   M   16       U     LE3       T     4     3  services     other   \n",
       "6     GP   M   16       U     LE3       T     2     2     other     other   \n",
       "7     GP   F   17       U     GT3       A     4     4     other   teacher   \n",
       "8     GP   M   15       U     LE3       A     3     2  services     other   \n",
       "9     GP   M   15       U     GT3       T     3     4     other     other   \n",
       "\n",
       "   ... famrel freetime  goout  Dalc  Walc health absences  G1  G2  G3  \n",
       "0  ...      4        3    4.0   1.0   1.0    3.0        4   0  11  11  \n",
       "1  ...      5        3    3.0   1.0   1.0    3.0        2   9  11  11  \n",
       "2  ...      4        3    2.0   2.0   3.0    3.0        6  12  13  12  \n",
       "3  ...      3        2    2.0   1.0   1.0    5.0        0  14  14  14  \n",
       "4  ...      4        3    2.0   1.0   2.0    5.0        0  11  13  13  \n",
       "5  ...      5        4    2.0   1.0   NaN    5.0        6  12  12  13  \n",
       "6  ...      4        4    4.0   1.0   1.0    3.0        0  13  12  13  \n",
       "7  ...      4        1    4.0   1.0   1.0    1.0        2  10  13  13  \n",
       "8  ...      4        2    2.0   1.0   1.0    1.0        0  15  16  17  \n",
       "9  ...      5        5    1.0   1.0   1.0    5.0        0  12  12  13  \n",
       "\n",
       "[10 rows x 33 columns]"
      ]
     },
     "execution_count": 218,
     "metadata": {},
     "output_type": "execute_result"
    }
   ],
   "source": [
    "dataset.head(10) #look at the top 10 rows"
   ]
  },
  {
   "cell_type": "markdown",
   "metadata": {},
   "source": [
    "### Understanding the data, Research"
   ]
  },
  {
   "cell_type": "code",
   "execution_count": 219,
   "metadata": {},
   "outputs": [
    {
     "data": {
      "text/plain": [
       "(649, 33)"
      ]
     },
     "execution_count": 219,
     "metadata": {},
     "output_type": "execute_result"
    }
   ],
   "source": [
    "dataset.shape  #confirm the number of samples and features"
   ]
  },
  {
   "cell_type": "code",
   "execution_count": 220,
   "metadata": {},
   "outputs": [
    {
     "data": {
      "text/html": [
       "<div>\n",
       "<style scoped>\n",
       "    .dataframe tbody tr th:only-of-type {\n",
       "        vertical-align: middle;\n",
       "    }\n",
       "\n",
       "    .dataframe tbody tr th {\n",
       "        vertical-align: top;\n",
       "    }\n",
       "\n",
       "    .dataframe thead th {\n",
       "        text-align: right;\n",
       "    }\n",
       "</style>\n",
       "<table border=\"1\" class=\"dataframe\">\n",
       "  <thead>\n",
       "    <tr style=\"text-align: right;\">\n",
       "      <th></th>\n",
       "      <th>count</th>\n",
       "      <th>mean</th>\n",
       "      <th>std</th>\n",
       "      <th>min</th>\n",
       "      <th>25%</th>\n",
       "      <th>50%</th>\n",
       "      <th>75%</th>\n",
       "      <th>max</th>\n",
       "    </tr>\n",
       "  </thead>\n",
       "  <tbody>\n",
       "    <tr>\n",
       "      <th>age</th>\n",
       "      <td>649.0</td>\n",
       "      <td>16.744222</td>\n",
       "      <td>1.218138</td>\n",
       "      <td>15.0</td>\n",
       "      <td>16.0</td>\n",
       "      <td>17.0</td>\n",
       "      <td>18.0</td>\n",
       "      <td>22.0</td>\n",
       "    </tr>\n",
       "    <tr>\n",
       "      <th>Medu</th>\n",
       "      <td>649.0</td>\n",
       "      <td>2.514638</td>\n",
       "      <td>1.134552</td>\n",
       "      <td>0.0</td>\n",
       "      <td>2.0</td>\n",
       "      <td>2.0</td>\n",
       "      <td>4.0</td>\n",
       "      <td>4.0</td>\n",
       "    </tr>\n",
       "    <tr>\n",
       "      <th>Fedu</th>\n",
       "      <td>649.0</td>\n",
       "      <td>2.306626</td>\n",
       "      <td>1.099931</td>\n",
       "      <td>0.0</td>\n",
       "      <td>1.0</td>\n",
       "      <td>2.0</td>\n",
       "      <td>3.0</td>\n",
       "      <td>4.0</td>\n",
       "    </tr>\n",
       "    <tr>\n",
       "      <th>traveltime</th>\n",
       "      <td>649.0</td>\n",
       "      <td>1.568567</td>\n",
       "      <td>0.748660</td>\n",
       "      <td>1.0</td>\n",
       "      <td>1.0</td>\n",
       "      <td>1.0</td>\n",
       "      <td>2.0</td>\n",
       "      <td>4.0</td>\n",
       "    </tr>\n",
       "    <tr>\n",
       "      <th>studytime</th>\n",
       "      <td>649.0</td>\n",
       "      <td>1.930663</td>\n",
       "      <td>0.829510</td>\n",
       "      <td>1.0</td>\n",
       "      <td>1.0</td>\n",
       "      <td>2.0</td>\n",
       "      <td>2.0</td>\n",
       "      <td>4.0</td>\n",
       "    </tr>\n",
       "    <tr>\n",
       "      <th>failures</th>\n",
       "      <td>649.0</td>\n",
       "      <td>0.221880</td>\n",
       "      <td>0.593235</td>\n",
       "      <td>0.0</td>\n",
       "      <td>0.0</td>\n",
       "      <td>0.0</td>\n",
       "      <td>0.0</td>\n",
       "      <td>3.0</td>\n",
       "    </tr>\n",
       "    <tr>\n",
       "      <th>famrel</th>\n",
       "      <td>649.0</td>\n",
       "      <td>3.930663</td>\n",
       "      <td>0.955717</td>\n",
       "      <td>1.0</td>\n",
       "      <td>4.0</td>\n",
       "      <td>4.0</td>\n",
       "      <td>5.0</td>\n",
       "      <td>5.0</td>\n",
       "    </tr>\n",
       "    <tr>\n",
       "      <th>freetime</th>\n",
       "      <td>649.0</td>\n",
       "      <td>3.180277</td>\n",
       "      <td>1.051093</td>\n",
       "      <td>1.0</td>\n",
       "      <td>3.0</td>\n",
       "      <td>3.0</td>\n",
       "      <td>4.0</td>\n",
       "      <td>5.0</td>\n",
       "    </tr>\n",
       "    <tr>\n",
       "      <th>goout</th>\n",
       "      <td>647.0</td>\n",
       "      <td>3.185471</td>\n",
       "      <td>1.177540</td>\n",
       "      <td>1.0</td>\n",
       "      <td>2.0</td>\n",
       "      <td>3.0</td>\n",
       "      <td>4.0</td>\n",
       "      <td>5.0</td>\n",
       "    </tr>\n",
       "    <tr>\n",
       "      <th>Dalc</th>\n",
       "      <td>648.0</td>\n",
       "      <td>1.503086</td>\n",
       "      <td>0.925338</td>\n",
       "      <td>1.0</td>\n",
       "      <td>1.0</td>\n",
       "      <td>1.0</td>\n",
       "      <td>2.0</td>\n",
       "      <td>5.0</td>\n",
       "    </tr>\n",
       "    <tr>\n",
       "      <th>Walc</th>\n",
       "      <td>648.0</td>\n",
       "      <td>2.280864</td>\n",
       "      <td>1.285325</td>\n",
       "      <td>1.0</td>\n",
       "      <td>1.0</td>\n",
       "      <td>2.0</td>\n",
       "      <td>3.0</td>\n",
       "      <td>5.0</td>\n",
       "    </tr>\n",
       "    <tr>\n",
       "      <th>health</th>\n",
       "      <td>648.0</td>\n",
       "      <td>3.533951</td>\n",
       "      <td>1.446230</td>\n",
       "      <td>1.0</td>\n",
       "      <td>2.0</td>\n",
       "      <td>4.0</td>\n",
       "      <td>5.0</td>\n",
       "      <td>5.0</td>\n",
       "    </tr>\n",
       "    <tr>\n",
       "      <th>absences</th>\n",
       "      <td>649.0</td>\n",
       "      <td>3.659476</td>\n",
       "      <td>4.640759</td>\n",
       "      <td>0.0</td>\n",
       "      <td>0.0</td>\n",
       "      <td>2.0</td>\n",
       "      <td>6.0</td>\n",
       "      <td>32.0</td>\n",
       "    </tr>\n",
       "    <tr>\n",
       "      <th>G1</th>\n",
       "      <td>649.0</td>\n",
       "      <td>11.399076</td>\n",
       "      <td>2.745265</td>\n",
       "      <td>0.0</td>\n",
       "      <td>10.0</td>\n",
       "      <td>11.0</td>\n",
       "      <td>13.0</td>\n",
       "      <td>19.0</td>\n",
       "    </tr>\n",
       "    <tr>\n",
       "      <th>G2</th>\n",
       "      <td>649.0</td>\n",
       "      <td>11.570108</td>\n",
       "      <td>2.913639</td>\n",
       "      <td>0.0</td>\n",
       "      <td>10.0</td>\n",
       "      <td>11.0</td>\n",
       "      <td>13.0</td>\n",
       "      <td>19.0</td>\n",
       "    </tr>\n",
       "    <tr>\n",
       "      <th>G3</th>\n",
       "      <td>649.0</td>\n",
       "      <td>11.906009</td>\n",
       "      <td>3.230656</td>\n",
       "      <td>0.0</td>\n",
       "      <td>10.0</td>\n",
       "      <td>12.0</td>\n",
       "      <td>14.0</td>\n",
       "      <td>19.0</td>\n",
       "    </tr>\n",
       "  </tbody>\n",
       "</table>\n",
       "</div>"
      ],
      "text/plain": [
       "            count       mean       std   min   25%   50%   75%   max\n",
       "age         649.0  16.744222  1.218138  15.0  16.0  17.0  18.0  22.0\n",
       "Medu        649.0   2.514638  1.134552   0.0   2.0   2.0   4.0   4.0\n",
       "Fedu        649.0   2.306626  1.099931   0.0   1.0   2.0   3.0   4.0\n",
       "traveltime  649.0   1.568567  0.748660   1.0   1.0   1.0   2.0   4.0\n",
       "studytime   649.0   1.930663  0.829510   1.0   1.0   2.0   2.0   4.0\n",
       "failures    649.0   0.221880  0.593235   0.0   0.0   0.0   0.0   3.0\n",
       "famrel      649.0   3.930663  0.955717   1.0   4.0   4.0   5.0   5.0\n",
       "freetime    649.0   3.180277  1.051093   1.0   3.0   3.0   4.0   5.0\n",
       "goout       647.0   3.185471  1.177540   1.0   2.0   3.0   4.0   5.0\n",
       "Dalc        648.0   1.503086  0.925338   1.0   1.0   1.0   2.0   5.0\n",
       "Walc        648.0   2.280864  1.285325   1.0   1.0   2.0   3.0   5.0\n",
       "health      648.0   3.533951  1.446230   1.0   2.0   4.0   5.0   5.0\n",
       "absences    649.0   3.659476  4.640759   0.0   0.0   2.0   6.0  32.0\n",
       "G1          649.0  11.399076  2.745265   0.0  10.0  11.0  13.0  19.0\n",
       "G2          649.0  11.570108  2.913639   0.0  10.0  11.0  13.0  19.0\n",
       "G3          649.0  11.906009  3.230656   0.0  10.0  12.0  14.0  19.0"
      ]
     },
     "execution_count": 220,
     "metadata": {},
     "output_type": "execute_result"
    }
   ],
   "source": [
    "dataset.describe().T #some statistical charateristicks"
   ]
  },
  {
   "cell_type": "code",
   "execution_count": 221,
   "metadata": {},
   "outputs": [
    {
     "name": "stdout",
     "output_type": "stream",
     "text": [
      "<class 'pandas.core.frame.DataFrame'>\n",
      "RangeIndex: 649 entries, 0 to 648\n",
      "Data columns (total 33 columns):\n",
      " #   Column      Non-Null Count  Dtype  \n",
      "---  ------      --------------  -----  \n",
      " 0   school      649 non-null    object \n",
      " 1   sex         649 non-null    object \n",
      " 2   age         649 non-null    int64  \n",
      " 3   address     649 non-null    object \n",
      " 4   famsize     649 non-null    object \n",
      " 5   Pstatus     649 non-null    object \n",
      " 6   Medu        649 non-null    int64  \n",
      " 7   Fedu        649 non-null    int64  \n",
      " 8   Mjob        649 non-null    object \n",
      " 9   Fjob        649 non-null    object \n",
      " 10  reason      649 non-null    object \n",
      " 11  guardian    649 non-null    object \n",
      " 12  traveltime  649 non-null    int64  \n",
      " 13  studytime   649 non-null    int64  \n",
      " 14  failures    649 non-null    int64  \n",
      " 15  schoolsup   649 non-null    object \n",
      " 16  famsup      649 non-null    object \n",
      " 17  paid        649 non-null    object \n",
      " 18  activities  649 non-null    object \n",
      " 19  nursery     649 non-null    object \n",
      " 20  higher      649 non-null    object \n",
      " 21  internet    649 non-null    object \n",
      " 22  romantic    649 non-null    object \n",
      " 23  famrel      649 non-null    int64  \n",
      " 24  freetime    649 non-null    int64  \n",
      " 25  goout       647 non-null    float64\n",
      " 26  Dalc        648 non-null    float64\n",
      " 27  Walc        648 non-null    float64\n",
      " 28  health      648 non-null    float64\n",
      " 29  absences    649 non-null    int64  \n",
      " 30  G1          649 non-null    int64  \n",
      " 31  G2          649 non-null    int64  \n",
      " 32  G3          649 non-null    int64  \n",
      "dtypes: float64(4), int64(12), object(17)\n",
      "memory usage: 167.4+ KB\n"
     ]
    }
   ],
   "source": [
    "dataset.info()"
   ]
  },
  {
   "cell_type": "code",
   "execution_count": 222,
   "metadata": {},
   "outputs": [
    {
     "data": {
      "text/html": [
       "<div>\n",
       "<style scoped>\n",
       "    .dataframe tbody tr th:only-of-type {\n",
       "        vertical-align: middle;\n",
       "    }\n",
       "\n",
       "    .dataframe tbody tr th {\n",
       "        vertical-align: top;\n",
       "    }\n",
       "\n",
       "    .dataframe thead th {\n",
       "        text-align: right;\n",
       "    }\n",
       "</style>\n",
       "<table border=\"1\" class=\"dataframe\">\n",
       "  <thead>\n",
       "    <tr style=\"text-align: right;\">\n",
       "      <th></th>\n",
       "      <th>age</th>\n",
       "      <th>Medu</th>\n",
       "      <th>Fedu</th>\n",
       "      <th>traveltime</th>\n",
       "      <th>studytime</th>\n",
       "      <th>failures</th>\n",
       "      <th>famrel</th>\n",
       "      <th>freetime</th>\n",
       "      <th>goout</th>\n",
       "      <th>Dalc</th>\n",
       "      <th>Walc</th>\n",
       "      <th>health</th>\n",
       "      <th>absences</th>\n",
       "      <th>G1</th>\n",
       "      <th>G2</th>\n",
       "      <th>G3</th>\n",
       "    </tr>\n",
       "  </thead>\n",
       "  <tbody>\n",
       "    <tr>\n",
       "      <th>age</th>\n",
       "      <td>1.000000</td>\n",
       "      <td>-0.107832</td>\n",
       "      <td>-0.121050</td>\n",
       "      <td>0.034490</td>\n",
       "      <td>-0.008415</td>\n",
       "      <td>0.319968</td>\n",
       "      <td>-0.020559</td>\n",
       "      <td>-0.004910</td>\n",
       "      <td>0.112469</td>\n",
       "      <td>0.133809</td>\n",
       "      <td>0.086179</td>\n",
       "      <td>-0.006526</td>\n",
       "      <td>0.149998</td>\n",
       "      <td>-0.174322</td>\n",
       "      <td>-0.107119</td>\n",
       "      <td>-0.106505</td>\n",
       "    </tr>\n",
       "    <tr>\n",
       "      <th>Medu</th>\n",
       "      <td>-0.107832</td>\n",
       "      <td>1.000000</td>\n",
       "      <td>0.647477</td>\n",
       "      <td>-0.265079</td>\n",
       "      <td>0.097006</td>\n",
       "      <td>-0.172210</td>\n",
       "      <td>0.024421</td>\n",
       "      <td>-0.019686</td>\n",
       "      <td>0.010201</td>\n",
       "      <td>-0.005928</td>\n",
       "      <td>-0.019350</td>\n",
       "      <td>0.002571</td>\n",
       "      <td>-0.008577</td>\n",
       "      <td>0.260472</td>\n",
       "      <td>0.264035</td>\n",
       "      <td>0.240151</td>\n",
       "    </tr>\n",
       "    <tr>\n",
       "      <th>Fedu</th>\n",
       "      <td>-0.121050</td>\n",
       "      <td>0.647477</td>\n",
       "      <td>1.000000</td>\n",
       "      <td>-0.208288</td>\n",
       "      <td>0.050400</td>\n",
       "      <td>-0.165915</td>\n",
       "      <td>0.020256</td>\n",
       "      <td>0.006841</td>\n",
       "      <td>0.028051</td>\n",
       "      <td>0.001356</td>\n",
       "      <td>0.038671</td>\n",
       "      <td>0.045385</td>\n",
       "      <td>0.029859</td>\n",
       "      <td>0.217501</td>\n",
       "      <td>0.225139</td>\n",
       "      <td>0.211800</td>\n",
       "    </tr>\n",
       "    <tr>\n",
       "      <th>traveltime</th>\n",
       "      <td>0.034490</td>\n",
       "      <td>-0.265079</td>\n",
       "      <td>-0.208288</td>\n",
       "      <td>1.000000</td>\n",
       "      <td>-0.063154</td>\n",
       "      <td>0.097730</td>\n",
       "      <td>-0.009521</td>\n",
       "      <td>0.000937</td>\n",
       "      <td>0.057138</td>\n",
       "      <td>0.092249</td>\n",
       "      <td>0.056778</td>\n",
       "      <td>-0.047132</td>\n",
       "      <td>-0.008149</td>\n",
       "      <td>-0.154120</td>\n",
       "      <td>-0.154489</td>\n",
       "      <td>-0.127173</td>\n",
       "    </tr>\n",
       "    <tr>\n",
       "      <th>studytime</th>\n",
       "      <td>-0.008415</td>\n",
       "      <td>0.097006</td>\n",
       "      <td>0.050400</td>\n",
       "      <td>-0.063154</td>\n",
       "      <td>1.000000</td>\n",
       "      <td>-0.147441</td>\n",
       "      <td>-0.004127</td>\n",
       "      <td>-0.068829</td>\n",
       "      <td>-0.075405</td>\n",
       "      <td>-0.137547</td>\n",
       "      <td>-0.214906</td>\n",
       "      <td>-0.056609</td>\n",
       "      <td>-0.118389</td>\n",
       "      <td>0.260875</td>\n",
       "      <td>0.240498</td>\n",
       "      <td>0.249789</td>\n",
       "    </tr>\n",
       "    <tr>\n",
       "      <th>failures</th>\n",
       "      <td>0.319968</td>\n",
       "      <td>-0.172210</td>\n",
       "      <td>-0.165915</td>\n",
       "      <td>0.097730</td>\n",
       "      <td>-0.147441</td>\n",
       "      <td>1.000000</td>\n",
       "      <td>-0.062645</td>\n",
       "      <td>0.108995</td>\n",
       "      <td>0.044907</td>\n",
       "      <td>0.105671</td>\n",
       "      <td>0.082152</td>\n",
       "      <td>0.036206</td>\n",
       "      <td>0.122779</td>\n",
       "      <td>-0.384210</td>\n",
       "      <td>-0.385782</td>\n",
       "      <td>-0.393316</td>\n",
       "    </tr>\n",
       "    <tr>\n",
       "      <th>famrel</th>\n",
       "      <td>-0.020559</td>\n",
       "      <td>0.024421</td>\n",
       "      <td>0.020256</td>\n",
       "      <td>-0.009521</td>\n",
       "      <td>-0.004127</td>\n",
       "      <td>-0.062645</td>\n",
       "      <td>1.000000</td>\n",
       "      <td>0.129216</td>\n",
       "      <td>0.089557</td>\n",
       "      <td>-0.076658</td>\n",
       "      <td>-0.093227</td>\n",
       "      <td>0.109533</td>\n",
       "      <td>-0.089534</td>\n",
       "      <td>0.048795</td>\n",
       "      <td>0.089588</td>\n",
       "      <td>0.063361</td>\n",
       "    </tr>\n",
       "    <tr>\n",
       "      <th>freetime</th>\n",
       "      <td>-0.004910</td>\n",
       "      <td>-0.019686</td>\n",
       "      <td>0.006841</td>\n",
       "      <td>0.000937</td>\n",
       "      <td>-0.068829</td>\n",
       "      <td>0.108995</td>\n",
       "      <td>0.129216</td>\n",
       "      <td>1.000000</td>\n",
       "      <td>0.346297</td>\n",
       "      <td>0.109787</td>\n",
       "      <td>0.120568</td>\n",
       "      <td>0.084864</td>\n",
       "      <td>-0.018716</td>\n",
       "      <td>-0.094497</td>\n",
       "      <td>-0.106678</td>\n",
       "      <td>-0.122705</td>\n",
       "    </tr>\n",
       "    <tr>\n",
       "      <th>goout</th>\n",
       "      <td>0.112469</td>\n",
       "      <td>0.010201</td>\n",
       "      <td>0.028051</td>\n",
       "      <td>0.057138</td>\n",
       "      <td>-0.075405</td>\n",
       "      <td>0.044907</td>\n",
       "      <td>0.089557</td>\n",
       "      <td>0.346297</td>\n",
       "      <td>1.000000</td>\n",
       "      <td>0.244983</td>\n",
       "      <td>0.388689</td>\n",
       "      <td>-0.015780</td>\n",
       "      <td>0.085147</td>\n",
       "      <td>-0.073628</td>\n",
       "      <td>-0.079151</td>\n",
       "      <td>-0.087315</td>\n",
       "    </tr>\n",
       "    <tr>\n",
       "      <th>Dalc</th>\n",
       "      <td>0.133809</td>\n",
       "      <td>-0.005928</td>\n",
       "      <td>0.001356</td>\n",
       "      <td>0.092249</td>\n",
       "      <td>-0.137547</td>\n",
       "      <td>0.105671</td>\n",
       "      <td>-0.076658</td>\n",
       "      <td>0.109787</td>\n",
       "      <td>0.244983</td>\n",
       "      <td>1.000000</td>\n",
       "      <td>0.616521</td>\n",
       "      <td>0.059151</td>\n",
       "      <td>0.172709</td>\n",
       "      <td>-0.194555</td>\n",
       "      <td>-0.188924</td>\n",
       "      <td>-0.204288</td>\n",
       "    </tr>\n",
       "    <tr>\n",
       "      <th>Walc</th>\n",
       "      <td>0.086179</td>\n",
       "      <td>-0.019350</td>\n",
       "      <td>0.038671</td>\n",
       "      <td>0.056778</td>\n",
       "      <td>-0.214906</td>\n",
       "      <td>0.082152</td>\n",
       "      <td>-0.093227</td>\n",
       "      <td>0.120568</td>\n",
       "      <td>0.388689</td>\n",
       "      <td>0.616521</td>\n",
       "      <td>1.000000</td>\n",
       "      <td>0.117172</td>\n",
       "      <td>0.156580</td>\n",
       "      <td>-0.155587</td>\n",
       "      <td>-0.164811</td>\n",
       "      <td>-0.176527</td>\n",
       "    </tr>\n",
       "    <tr>\n",
       "      <th>health</th>\n",
       "      <td>-0.006526</td>\n",
       "      <td>0.002571</td>\n",
       "      <td>0.045385</td>\n",
       "      <td>-0.047132</td>\n",
       "      <td>-0.056609</td>\n",
       "      <td>0.036206</td>\n",
       "      <td>0.109533</td>\n",
       "      <td>0.084864</td>\n",
       "      <td>-0.015780</td>\n",
       "      <td>0.059151</td>\n",
       "      <td>0.117172</td>\n",
       "      <td>1.000000</td>\n",
       "      <td>-0.029038</td>\n",
       "      <td>-0.054430</td>\n",
       "      <td>-0.083595</td>\n",
       "      <td>-0.101039</td>\n",
       "    </tr>\n",
       "    <tr>\n",
       "      <th>absences</th>\n",
       "      <td>0.149998</td>\n",
       "      <td>-0.008577</td>\n",
       "      <td>0.029859</td>\n",
       "      <td>-0.008149</td>\n",
       "      <td>-0.118389</td>\n",
       "      <td>0.122779</td>\n",
       "      <td>-0.089534</td>\n",
       "      <td>-0.018716</td>\n",
       "      <td>0.085147</td>\n",
       "      <td>0.172709</td>\n",
       "      <td>0.156580</td>\n",
       "      <td>-0.029038</td>\n",
       "      <td>1.000000</td>\n",
       "      <td>-0.147149</td>\n",
       "      <td>-0.124745</td>\n",
       "      <td>-0.091379</td>\n",
       "    </tr>\n",
       "    <tr>\n",
       "      <th>G1</th>\n",
       "      <td>-0.174322</td>\n",
       "      <td>0.260472</td>\n",
       "      <td>0.217501</td>\n",
       "      <td>-0.154120</td>\n",
       "      <td>0.260875</td>\n",
       "      <td>-0.384210</td>\n",
       "      <td>0.048795</td>\n",
       "      <td>-0.094497</td>\n",
       "      <td>-0.073628</td>\n",
       "      <td>-0.194555</td>\n",
       "      <td>-0.155587</td>\n",
       "      <td>-0.054430</td>\n",
       "      <td>-0.147149</td>\n",
       "      <td>1.000000</td>\n",
       "      <td>0.864982</td>\n",
       "      <td>0.826387</td>\n",
       "    </tr>\n",
       "    <tr>\n",
       "      <th>G2</th>\n",
       "      <td>-0.107119</td>\n",
       "      <td>0.264035</td>\n",
       "      <td>0.225139</td>\n",
       "      <td>-0.154489</td>\n",
       "      <td>0.240498</td>\n",
       "      <td>-0.385782</td>\n",
       "      <td>0.089588</td>\n",
       "      <td>-0.106678</td>\n",
       "      <td>-0.079151</td>\n",
       "      <td>-0.188924</td>\n",
       "      <td>-0.164811</td>\n",
       "      <td>-0.083595</td>\n",
       "      <td>-0.124745</td>\n",
       "      <td>0.864982</td>\n",
       "      <td>1.000000</td>\n",
       "      <td>0.918548</td>\n",
       "    </tr>\n",
       "    <tr>\n",
       "      <th>G3</th>\n",
       "      <td>-0.106505</td>\n",
       "      <td>0.240151</td>\n",
       "      <td>0.211800</td>\n",
       "      <td>-0.127173</td>\n",
       "      <td>0.249789</td>\n",
       "      <td>-0.393316</td>\n",
       "      <td>0.063361</td>\n",
       "      <td>-0.122705</td>\n",
       "      <td>-0.087315</td>\n",
       "      <td>-0.204288</td>\n",
       "      <td>-0.176527</td>\n",
       "      <td>-0.101039</td>\n",
       "      <td>-0.091379</td>\n",
       "      <td>0.826387</td>\n",
       "      <td>0.918548</td>\n",
       "      <td>1.000000</td>\n",
       "    </tr>\n",
       "  </tbody>\n",
       "</table>\n",
       "</div>"
      ],
      "text/plain": [
       "                 age      Medu      Fedu  traveltime  studytime  failures  \\\n",
       "age         1.000000 -0.107832 -0.121050    0.034490  -0.008415  0.319968   \n",
       "Medu       -0.107832  1.000000  0.647477   -0.265079   0.097006 -0.172210   \n",
       "Fedu       -0.121050  0.647477  1.000000   -0.208288   0.050400 -0.165915   \n",
       "traveltime  0.034490 -0.265079 -0.208288    1.000000  -0.063154  0.097730   \n",
       "studytime  -0.008415  0.097006  0.050400   -0.063154   1.000000 -0.147441   \n",
       "failures    0.319968 -0.172210 -0.165915    0.097730  -0.147441  1.000000   \n",
       "famrel     -0.020559  0.024421  0.020256   -0.009521  -0.004127 -0.062645   \n",
       "freetime   -0.004910 -0.019686  0.006841    0.000937  -0.068829  0.108995   \n",
       "goout       0.112469  0.010201  0.028051    0.057138  -0.075405  0.044907   \n",
       "Dalc        0.133809 -0.005928  0.001356    0.092249  -0.137547  0.105671   \n",
       "Walc        0.086179 -0.019350  0.038671    0.056778  -0.214906  0.082152   \n",
       "health     -0.006526  0.002571  0.045385   -0.047132  -0.056609  0.036206   \n",
       "absences    0.149998 -0.008577  0.029859   -0.008149  -0.118389  0.122779   \n",
       "G1         -0.174322  0.260472  0.217501   -0.154120   0.260875 -0.384210   \n",
       "G2         -0.107119  0.264035  0.225139   -0.154489   0.240498 -0.385782   \n",
       "G3         -0.106505  0.240151  0.211800   -0.127173   0.249789 -0.393316   \n",
       "\n",
       "              famrel  freetime     goout      Dalc      Walc    health  \\\n",
       "age        -0.020559 -0.004910  0.112469  0.133809  0.086179 -0.006526   \n",
       "Medu        0.024421 -0.019686  0.010201 -0.005928 -0.019350  0.002571   \n",
       "Fedu        0.020256  0.006841  0.028051  0.001356  0.038671  0.045385   \n",
       "traveltime -0.009521  0.000937  0.057138  0.092249  0.056778 -0.047132   \n",
       "studytime  -0.004127 -0.068829 -0.075405 -0.137547 -0.214906 -0.056609   \n",
       "failures   -0.062645  0.108995  0.044907  0.105671  0.082152  0.036206   \n",
       "famrel      1.000000  0.129216  0.089557 -0.076658 -0.093227  0.109533   \n",
       "freetime    0.129216  1.000000  0.346297  0.109787  0.120568  0.084864   \n",
       "goout       0.089557  0.346297  1.000000  0.244983  0.388689 -0.015780   \n",
       "Dalc       -0.076658  0.109787  0.244983  1.000000  0.616521  0.059151   \n",
       "Walc       -0.093227  0.120568  0.388689  0.616521  1.000000  0.117172   \n",
       "health      0.109533  0.084864 -0.015780  0.059151  0.117172  1.000000   \n",
       "absences   -0.089534 -0.018716  0.085147  0.172709  0.156580 -0.029038   \n",
       "G1          0.048795 -0.094497 -0.073628 -0.194555 -0.155587 -0.054430   \n",
       "G2          0.089588 -0.106678 -0.079151 -0.188924 -0.164811 -0.083595   \n",
       "G3          0.063361 -0.122705 -0.087315 -0.204288 -0.176527 -0.101039   \n",
       "\n",
       "            absences        G1        G2        G3  \n",
       "age         0.149998 -0.174322 -0.107119 -0.106505  \n",
       "Medu       -0.008577  0.260472  0.264035  0.240151  \n",
       "Fedu        0.029859  0.217501  0.225139  0.211800  \n",
       "traveltime -0.008149 -0.154120 -0.154489 -0.127173  \n",
       "studytime  -0.118389  0.260875  0.240498  0.249789  \n",
       "failures    0.122779 -0.384210 -0.385782 -0.393316  \n",
       "famrel     -0.089534  0.048795  0.089588  0.063361  \n",
       "freetime   -0.018716 -0.094497 -0.106678 -0.122705  \n",
       "goout       0.085147 -0.073628 -0.079151 -0.087315  \n",
       "Dalc        0.172709 -0.194555 -0.188924 -0.204288  \n",
       "Walc        0.156580 -0.155587 -0.164811 -0.176527  \n",
       "health     -0.029038 -0.054430 -0.083595 -0.101039  \n",
       "absences    1.000000 -0.147149 -0.124745 -0.091379  \n",
       "G1         -0.147149  1.000000  0.864982  0.826387  \n",
       "G2         -0.124745  0.864982  1.000000  0.918548  \n",
       "G3         -0.091379  0.826387  0.918548  1.000000  "
      ]
     },
     "execution_count": 222,
     "metadata": {},
     "output_type": "execute_result"
    }
   ],
   "source": [
    "#correlation\n",
    "dataset.corr()"
   ]
  },
  {
   "cell_type": "code",
   "execution_count": 223,
   "metadata": {},
   "outputs": [
    {
     "data": {
      "text/plain": [
       "<AxesSubplot:>"
      ]
     },
     "execution_count": 223,
     "metadata": {},
     "output_type": "execute_result"
    },
    {
     "data": {
